# Opmerking: door stationsverplaatsingen en veranderingen in waarneemmethodieken zijn deze tijdreeksen van uurwaarden mogelijk inhomogeen! Dat betekent dat deze reeks van gemeten waarden niet geschikt is voor trendanalyse. Voor studies naar klimaatverandering verwijzen we naar de gehomogeniseerde dagreeksen <http://www.knmi.nl/nederland-nu/klimatologie/daggegevens> of de Centraal Nederland Temperatuur <http://www.knmi.nl/kennis-en-datacentrum/achtergrond/centraal-nederland-temperatuur-cnt>.
# 
# SOURCE: ROYAL NETHERLANDS METEOROLOGICAL INSTITUTE (KNMI)
# Comment: These time series are inhomogeneous because of station relocations and changes in observation techniques. As a result these series are not suitable for trend analysis. For climate change studies we refer to the homogenized series of daily data <http://www.knmi.nl/nederland-nu/klimatologie/daggegevens> or the Central Netherlands Temperature <http://www.knmi.nl/kennis-en-datacentrum/achtergrond/centraal-nederland-temperatuur-cnt>.
# 
# STN         LON(east)   LAT(north)  ALT(m)      NAME
# 260         5.180       52.100      1.90        De Bilt     
# FG        : Etmaalgemiddelde windsnelheid (in 0.1 m/s) / Daily mean windspeed (in 0.1 m/s)
# FHX       : Hoogste uurgemiddelde windsnelheid (in 0.1 m/s) / Maximum hourly mean windspeed (in 0.1 m/s)
# SQ        : Zonneschijnduur (in 0.1 uur) berekend uit de globale straling (-1 voor <0.05 uur) / Sunshine duration (in 0.1 hour) calculated from global radiation (-1 for <0.05 hour)
# Q         : Globale straling (in J/cm2) / Global radiation (in J/cm2)
# STN,YYYYMMDD,   FG,  FHX,   SQ,    Q
  260,20250101,   81,  110,    0,   38
  260,20250102,   20,   30,   48,  328
  260,20250103,   31,   50,   13,  156
  260,20250104,   25,   30,   10,  157
  260,20250105,   56,   70,    0,   45
  260,20250106,   77,  110,    2,   87
  260,20250107,   53,   70,   31,  268
  260,20250108,   28,   50,   42,  292
  260,20250109,   24,   40,   36,  305
  260,20250110,   27,   50,   60,  430
  260,20250111,   15,   30,   65,  486
  260,20250112,   12,   20,   18,  254
  260,20250113,   22,   40,   62,  511
  260,20250114,   31,   50,   19,  287
  260,20250115,   12,   20,    0,  135
  260,20250116,   27,   40,    0,   91
  260,20250117,   19,   30,    0,  126
  260,20250118,   20,   30,    0,  155
  260,20250119,   15,   20,    0,   83
  260,20250120,   24,   30,    0,   78
  260,20250121,   30,   40,    0,  129
  260,20250122,   24,   30,    0,  146
  260,20250123,   45,   60,   22,  254
  260,20250124,   55,   80,    0,   88
  260,20250125,   19,   40,   11,  186
  260,20250126,   41,   80,   54,  526
  260,20250127,   60,   80,   68,  555
  260,20250128,   53,   70,    0,  182
  260,20250129,   41,   70,    8,  183
  260,20250130,   17,   30,    9,  223
  260,20250131,   19,   30,   37,  434
  260,20250201,   16,   30,   81,  756
  260,20250202,   18,   30,   81,  791
  260,20250203,   19,   30,   81,  793
  260,20250204,   37,   60,    7,  207
  260,20250205,   26,   40,   25,  384
  260,20250206,   28,   50,   37,  458
  260,20250207,   67,   90,    3,  243
  260,20250208,   36,   60,   23,  308
  260,20250209,   28,   50,   19,  379
  260,20250210,   56,   70,    8,  250
  260,20250211,   43,   70,    0,   82
  260,20250212,   17,   30,    4,  268
  260,20250213,   31,   50,   30,  509
  260,20250214,   14,   30,   34,  513
  260,20250215,   19,   30,    5,  371
  260,20250216,   43,   80,   90,  984
  260,20250217,   27,   40,   90, 1013
  260,20250218,   44,   60,   88, 1009
  260,20250219,   52,   70,   82,  767
  260,20250220,   39,   50,   10,  395
  260,20250221,   40,   60,   47,  755
  260,20250222,   37,   50,    0,  249
  260,20250223,   44,   60,   64,  910
  260,20250224,   54,   70,    3,  194
  260,20250225,   26,   40,   21,  524
  260,20250226,   34,   50,   68,  991
  260,20250227,   31,   50,   26,  589
  260,20250228,   30,   50,   33,  731
  260,20250301,   18,   30,   33,  779
  260,20250302,    8,   20,   99, 1232
  260,20250303,   11,   20,  101, 1297
  260,20250304,   11,   30,  100, 1307
  260,20250305,   20,   40,  103, 1381
  260,20250306,   24,   40,   97, 1312
  260,20250307,   24,   40,  101, 1347
  260,20250308,   30,   60,   98, 1383
  260,20250309,   22,   30,   98, 1251
  260,20250310,   23,   40,  102, 1372
  260,20250311,   31,   40,   32,  713
  260,20250312,   23,   40,   71, 1085
  260,20250313,   21,   40,   50,  845
  260,20250314,   27,   50,   73, 1191
  260,20250315,   40,   60,   72, 1108
  260,20250316,   32,   50,  109, 1684
  260,20250317,   42,   60,  108, 1701
  260,20250318,   43,   70,  112, 1775
  260,20250319,   25,   40,  112, 1724
  260,20250320,   19,   30,  111, 1658
  260,20250321,   50,   80,  106, 1618
  260,20250322,   43,   60,   67, 1212
  260,20250323,   25,   40,   29,  876
  260,20250324,   27,   40,   91, 1566
  260,20250325,   28,   40,   16,  881
  260,20250326,   27,   50,   31,  939
  260,20250327,   15,   30,  115, 1902
  260,20250328,   25,   50,   20,  788
  260,20250329,   27,   50,  107, 1638
  260,20250330,   60,   80,   49, 1285
  260,20250331,   35,   50,  104, 1867
  260,20250401,   40,   70,  118, 1982
  260,20250402,   61,   90,  122, 2044
  260,20250403,   50,   70,  120, 2035
  260,20250404,   32,   50,  120, 2082
  260,20250405,   47,   70,  122, 2160
  260,20250406,   48,   70,  123, 2228
  260,20250407,   30,   40,  123, 2192
  260,20250408,   29,   50,  120, 2059
  260,20250409,   36,   50,   98, 2090
  260,20250410,   33,   50,   82, 1839
  260,20250411,   23,   40,  108, 2140
  260,20250412,   38,   70,  127, 2244
  260,20250413,   39,   60,   38, 1248
  260,20250414,   32,   40,  103, 1974
  260,20250415,   31,   50,   65, 1487
  260,20250416,   19,   30,    0,  664
  260,20250417,   13,   20,    0,  551
  260,20250418,   19,   50,   55, 1592
  260,20250419,   30,   50,  123, 2217
  260,20250420,   24,   40,  111, 2259
  260,20250421,   14,   20,    4,  577
  260,20250422,   25,   50,   57, 1521
  260,20250423,   19,   30,    1,  763
  260,20250424,   31,   50,    0,  564
  260,20250425,   28,   40,   89, 2227
  260,20250426,   23,   40,   92, 2256
  260,20250427,   18,   30,  135, 2598
  260,20250428,   21,   40,  135, 2608
  260,20250429,   22,   40,  136, 2578
  260,20250430,   16,   40,  138, 2591
  260,20250501,   15,   30,  133, 2578
  260,20250502,   25,   40,  113, 2258
  260,20250503,   31,   50,  121, 2452
  260,20250504,   35,   50,   45, 1705
  260,20250505,   35,   70,  107, 2117
  260,20250506,   37,   50,   47, 1411
  260,20250507,   32,   50,   70, 1944
  260,20250508,   27,   40,   83, 2037
  260,20250509,   33,   50,  132, 2574
  260,20250510,   30,   50,  142, 2834
  260,20250511,   37,   60,  144, 2856
  260,20250512,   40,   60,  144, 2853
  260,20250513,   41,   70,  144, 2936
  260,20250514,   34,   50,  126, 2632
  260,20250515,   41,   60,  119, 2754
  260,20250516,   30,   60,  101, 2513
  260,20250517,   33,   50,  143, 2809
  260,20250518,   21,   30,   39, 1448
  260,20250519,   26,   60,  133, 2842
  260,20250520,   24,   50,  146, 2977
  260,20250521,   30,   40,   90, 2195
  260,20250522,   38,   60,  111, 2596
  260,20250523,   32,   50,   70, 1757
  260,20250524,   40,   50,    5,  754
  260,20250525,   43,   70,   53, 1525
  260,20250526,   48,   60,   89, 2199
  260,20250527,   57,   70,   14,  988
  260,20250528,   40,   60,   67, 1687
  260,20250529,   38,   60,   19,  974
  260,20250530,   35,   60,   73, 2037
  260,20250531,   15,   30,   81, 2399
  260,20250601,   41,   60,   65, 1896
  260,20250602,   29,   50,  109, 2552
  260,20250603,   40,   70,   72, 2051
  260,20250604,   36,   50,   45, 1473
  260,20250605,   41,   60,   31, 1355
  260,20250606,   47,   70,   65, 1776
  260,20250607,   37,   50,   32, 1419
  260,20250608,   46,   70,   67, 1809
  260,20250609,   33,   50,   73, 1942
  260,20250610,   43,   60,   50, 1177
  260,20250611,   20,   40,  124, 2728
  260,20250612,   47,   70,  152, 3035
  260,20250613,   28,   40,  128, 2772
  260,20250614,   29,   40,   30, 1408
  260,20250615,   29,   50,   95, 2365
  260,20250616,   23,   50,  127, 2627
  260,20250617,   20,   40,  128, 2743
  260,20250618,   24,   50,  155, 2852
  260,20250619,   18,   30,  113, 2488
  260,20250620,   25,   40,  146, 3019
  260,20250621,   25,   40,  153, 3109
  260,20250622,   38,   60,   93, 1901
  260,20250623,   55,   80,   91, 2257
  260,20250624,   50,   70,   56, 1276
  260,20250625,   29,   40,   95, 2174
  260,20250626,   43,   80,   26, 1251
  260,20250627,   31,   50,   62, 1879
  260,20250628,   38,   50,   60, 1371
  260,20250629,   30,   40,  151, 2928
  260,20250630,   24,   40,  151, 3058
  260,20250701,   23,   30,  149, 2906
  260,20250702,   26,   60,  102, 2454
  260,20250703,   31,   40,  129, 2838
  260,20250704,   30,   50,  138, 2729
  260,20250705,   44,   60,    7, 1013
  260,20250706,   29,   40,   15,  712
  260,20250707,   38,   60,   50, 1789
  260,20250708,   30,   50,   41, 1738
  260,20250709,   21,   30,  124, 2863
  260,20250710,   18,   40,   98, 2351
  260,20250711,   25,   50,  114, 2480
  260,20250712,   32,   50,  127, 2902
  260,20250713,   15,   30,   19, 1348
  260,20250714,   29,   60,   81, 2010
  260,20250715,   34,   50,   74, 1786
  260,20250716,   37,   50,   75, 1881
  260,20250717,   22,   40,  141, 2737
  260,20250718,   14,   30,   88, 2103
  260,20250719,   32,   60,   65, 1934
  260,20250720,   25,   60,   42, 1626
  260,20250721,   32,   50,   85, 1980
  260,20250722,   36,   60,   69, 1598
  260,20250723,   25,   40,   49, 1548
  260,20250724,   18,   40,   71, 1868
  260,20250725,   20,   40,   33, 1306
  260,20250726,   27,   40,   37, 1519
  260,20250727,   21,   40,   34, 1090
  260,20250728,   28,   50,   74, 1851
  260,20250729,   22,   40,   85, 2137
  260,20250730,   31,   50,  109, 2259
  260,20250731,   28,   50,   22, 1235
  260,20250801,   31,   50,   66, 1780
  260,20250802,   32,   50,   35, 1500
  260,20250803,   36,   50,   70, 1878
  260,20250804,   42,   70,   28, 1417
  260,20250805,   34,   60,  102, 2061
  260,20250806,   24,   50,  111, 2055
  260,20250807,   30,   50,   44, 1678
  260,20250808,   25,   40,   67, 1814
  260,20250809,   20,   40,  115, 2405
  260,20250810,   19,   40,  133, 2338
  260,20250811,   19,   40,  137, 2484
  260,20250812,   24,   50,   86, 2028
  260,20250813,   13,   30,  110, 2123
  260,20250814,   25,   50,  107, 2155
  260,20250815,   25,   50,  123, 2159
  260,20250816,   29,   50,   36, 1006
  260,20250817,   20,   40,    7,  830
  260,20250818,   23,   40,   53, 1465
  260,20250819,   33,   50,  128, 2277
  260,20250820,   31,   40,   82, 1913
  260,20250821,   35,   60,  100, 1864
  260,20250822,   21,   40,    6,  834
  260,20250823,   20,   40,   52, 1651
  260,20250824,   14,   30,  122, 2260
  260,20250825,   15,   20,  109, 2154
  260,20250826,   27,   40,   62, 1565
  260,20250827,   24,   40,   77, 1802
  260,20250828,   23,   50,   49, 1288
  260,20250829,   38,   70,   68, 1455
  260,20250830,   39,   60,   62, 1549
  260,20250831,   28,   40,   26, 1062
  260,20250901,   29,   60,   62, 1368
  260,20250902,   40,   60,   93, 1743
  260,20250903,   59,   90,   32,  867
  260,20250904,   42,   60,   89, 1550
  260,20250905,   24,   40,   90, 1427
  260,20250906,   25,   40,  108, 1812
  260,20250907,   46,   70,  122, 2026
  260,20250908,   23,   40,   59, 1379
  260,20250909,   12,   30,   28,  572
  260,20250910,   29,   50,   58, 1478
  260,20250911,   45,   60,   55, 1020
  260,20250912,   50,   70,  106, 1597
  260,20250913,   40,   60,   50,  953
  260,20250914,   37,   50,   76, 1469
  260,20250915,   79,  100,   86, 1400
  260,20250916,   50,   70,   45,  799
  260,20250917,   41,   50,    0,  420
  260,20250918,   44,   50,    0,  335
  260,20250919,   28,   50,  100, 1620
  260,20250920,   33,   60,   26,  620
  260,20250921,   37,   70,   42,  952
  260,20250922,   29,   60,   92, 1505
  260,20250923,   24,   50,   76, 1300
  260,20250924,   45,   80,   96, 1523
  260,20250925,   55,   80,   59, 1280
  260,20250926,   28,   40,   40,  799
  260,20250927,   16,   30,   10,  662
  260,20250928,   12,   20,  100, 1384
  260,20250929,   12,   30,   78, 1134
  260,20250930,   13,   30,   70, 1237
  260,20251001,   20,   50,  105, 1449
  260,20251002,   28,   40,   45,  929
  260,20251003,   45,   70,    0,  354
  260,20251004,   61,   80,   47,  723
  260,20251005,   40,   60,   18,  625
  260,20251006,   25,   40,    0,  306
  260,20251007,   28,   40,    6,  456
  260,20251008,   19,   30,    1,  397
  260,20251009,   18,   30,   68,  856
  260,20251010,   21,   30,   30,  567
  260,20251011,   14,   20,    0,  337
  260,20251012,   18,   30,   16,  546
  260,20251013,   18,   30,   12,  449
  260,20251014,   18,   30,    5,  438
  260,20251015,   14,   30,    2,  304
  260,20251016,   19,   40,   45,  729
  260,20251017,   14,   20,    8,  422
  260,20251018,   24,   40,   46,  784
  260,20251019,   38,   50,   54,  775
  260,20251020,   40,   50,   19,  432
  260,20251021,   51,   70,   30,  435
  260,20251022,   30,   50,   39,  556
  260,20251023,   60,   80,   13,  331
  260,20251024,   63,   80,   55,  659
  260,20251025,   48,   70,   22,  390
  260,20251026,   50,   70,   46,  510
  260,20251027,   42,   60,   34,  357
  260,20251028,   43,   60,   23,  408
  260,20251029,   34,   50,   13,  397
  260,20251030,   30,   50,   39,  540
  260,20251031,   36,   50,   12,  440
  260,20251101,   40,   50,   10,  166
  260,20251102,   35,   50,   29,  531
  260,20251103,   48,   70,    7,  291
  260,20251104,   43,   60,   39,  503
  260,20251105,   36,   50,   45,  630
  260,20251106,   27,   40,   55,  525
  260,20251107,   19,   30,   70,  634
  260,20251108,   11,   20,   34,  469
  260,20251109,   20,   30,   61,  585
  260,20251110,   37,   50,   16,  360
  260,20251111,   37,   40,   23,  311
  260,20251112,   38,   50,   53,  552
  260,20251113,   31,   50,    1,  211
  260,20251114,   32,   50,    0,   93
  260,20251115,   33,   40,    0,  125
  260,20251116,   23,   40,    0,  122
  260,20251117,   30,   70,   62,  536
  260,20251118,   35,   50,   28,  348
  260,20251119,   36,   50,    0,   87
  260,20251120,   19,   30,   19,  279
  260,20251121,   14,   20,   72,  536
  260,20251122,   40,   60,   44,  419
  260,20251123,   53,   60,    0,  113
  260,20251124,   26,   50,   20,  276
  260,20251125,   20,   40,   25,  282
  260,20251126,   19,   30,   55,  428
  260,20251127,   52,   60,    0,   63
  260,20251128,   45,   50,    0,   97
  260,20251129,   43,   60,    2,  167
  260,20251130,   36,   50,   22,  303
  260,20251201,   55,   70,    2,  174
  260,20251202,   41,   60,    8,  163
  260,20251203,   22,   30,    0,  126
  260,20251204,   36,   60,   49,  347
  260,20251205,   30,   50,    0,  122
  260,20251206,   53,   60,    0,  115
  260,20251207,   48,   70,    0,   91
  260,20251208,   46,   60,    0,   91
  260,20251209,   41,   50,    5,  141
  260,20251210,   48,   60,   17,  195
  260,20251211,   34,   50,   31,  266
  260,20251212,   29,   40,    0,   76
  260,20251213,   22,   40,   40,  297
  260,20251214,   40,   50,    0,   87
  260,20251215,   46,   60,   22,  179
  260,20251216,   29,   40,   27,  230
  260,20251217,   31,   50,    9,  114
  260,20251218,   56,   70,   12,  164
  260,20251219,   33,   50,   15,  194
  260,20251220,   23,   40,   12,  191
  260,20251221,   28,   50,   38,  265
  260,20251222,   40,   50,   19,  208
  260,20251223,   61,   80,    0,   67
  260,20251224,   60,   80,   66,  407
  260,20251225,   58,   80,   66,  419
  260,20251226,   30,   40,   66,  405
  260,20251227,   23,   40,    2,  137
  260,20251228,   15,   30,   63,  392
  260,20251229,   13,   20,   10,  132
  260,20251230,   21,   40,   57,  366
  260,20251231,   29,   40,   32,  276
